It¨¦ration 1
T : -0.603293 -2.321765 -0.784446
R : 
0.999703 -0.022750 0.008715

0.023207 0.998134 -0.056474

-0.007414 0.056660 0.998366

It¨¦ration 2
T : -0.303198 -1.375265 -0.413740
R : 
0.999949 -0.008785 0.004894

0.008966 0.999227 -0.038268

-0.004554 0.038309 0.999255

It¨¦ration 3
T : -0.238610 -0.667612 -0.190395
R : 
0.999994 -0.000207 0.003268

0.000285 0.999710 -0.024064

-0.003262 0.024065 0.999705

It¨¦ration 4
T : -0.226342 -0.451549 -0.163775
R : 
0.999993 0.003078 0.002469

-0.003030 0.999812 -0.019140

-0.002527 0.019132 0.999814

It¨¦ration 5
T : -0.236120 -0.167302 -0.143432
R : 
0.999993 0.003814 0.000240

-0.003811 0.999895 -0.013984

-0.000293 0.013983 0.999903

It¨¦ration 6
T : -0.258501 0.058168 -0.110928
R : 
0.999991 0.004251 -0.000911

-0.004260 0.999940 -0.010068

0.000868 0.010072 0.999949

It¨¦ration 7
T : -0.240252 0.120087 -0.113775
R : 
0.999993 0.003792 0.000038

-0.003792 0.999969 -0.006952

-0.000065 0.006952 0.999976

It¨¦ration 8
T : -0.236334 0.141813 -0.163711
R : 
0.999994 0.003614 -0.000066

-0.003615 0.999981 -0.005039

0.000048 0.005039 0.999987

It¨¦ration 9
T : -0.196484 0.152212 -0.139653
R : 
0.999996 0.002778 -0.000482

-0.002780 0.999990 -0.003535

0.000473 0.003536 0.999994

It¨¦ration 10
T : -0.158213 0.155407 -0.120911
R : 
0.999998 0.002125 -0.000595

-0.002127 0.999994 -0.002717

0.000590 0.002719 0.999996

It¨¦ration 11
T : -0.151114 0.178745 -0.094656
R : 
0.999999 0.001724 -0.001161

-0.001727 0.999996 -0.002357

0.001157 0.002359 0.999997

It¨¦ration 12
T : -0.111269 0.255846 -0.118658
R : 
0.999997 0.001838 -0.001775

-0.001843 0.999994 -0.002907

0.001770 0.002910 0.999994

It¨¦ration 13
T : -0.077817 0.462866 -0.210733
R : 
0.999992 0.002920 -0.002780

-0.002933 0.999985 -0.004712

0.002767 0.004720 0.999985

It¨¦ration 14
T : -0.148973 0.502398 -0.485850
R : 
0.999978 0.003501 -0.005588

-0.003544 0.999964 -0.007753

0.005561 0.007772 0.999954

It¨¦ration 15
T : -0.054499 0.037387 -0.115273
R : 
0.999999 0.000564 -0.001419

-0.000566 0.999999 -0.001564

0.001418 0.001564 0.999998

